['./An_Project/hist_real_noF1_7.7.txt', './An_Project/hist_real_noG1_60.0.txt', './An_Project/hist_real_noG1_20.0.txt', './An_Project/hist_real_noG0_7.7.txt', './An_Project/hist_real_noF0_7.7.txt', './An_Project/hist_real_noF0_80.0.txt', './An_Project/hist_real_noF1_30.0.txt', './An_Project/hist_real_noF1_15.0.txt', './An_Project/hist_real_noF1_20.0.txt', './An_Project/hist_real_noF1_80.0.txt', './An_Project/hist_real_noG1_25.0.txt', './An_Project/hist_real_noF0_25.0.txt', './An_Project/hist_real_noG0_25.0.txt', './An_Project/hist_real_noG1_80.0.txt', './An_Project/hist_real_noF0_15.0.txt', './An_Project/hist_real_noG1_10.0.txt', './An_Project/hist_real_noF1_40.0.txt', './An_Project/hist_real_noF0_30.0.txt', './An_Project/hist_real_noF1_10.0.txt', './An_Project/hist_real_noG1_7.7.txt', './An_Project/hist_real_noG0_30.0.txt', './An_Project/hist_real_noG0_80.0.txt', './An_Project/hist_real_noG0_15.0.txt', './An_Project/hist_real_noG1_15.0.txt', './An_Project/hist_real_noF1_60.0.txt', './An_Project/hist_real_noF0_10.0.txt', './An_Project/hist_real_noG0_60.0.txt', './An_Project/hist_real_noG0_20.0.txt', './An_Project/hist_real_noF1_25.0.txt', './An_Project/hist_real_noG1_40.0.txt', './An_Project/hist_real_noF0_20.0.txt', './An_Project/hist_real_noF0_60.0.txt', './An_Project/hist_real_noG1_30.0.txt', './An_Project/hist_real_noG0_40.0.txt', './An_Project/hist_real_noG0_10.0.txt', './An_Project/hist_real_noF0_40.0.txt']
#-File ./An_Project/hist_real_noF1_7.7.txt successfully read into data
#---Making subplot: 6 2 1
#---Making subplot: 6 2 2
#---Making subplot: 6 2 3
#---Making subplot: 6 2 4
#---Making subplot: 6 2 5
#---Making subplot: 6 2 6
#---MCMC hist plot saved as fit__noF1_7.7_MCMChist_.ps
#---Succesfully Plotted  fit__noF1_7.7 param plots
#---Mean parameters: [ 10.5641167   -1.44476771   0.6038165    5.89799708   0.11724688
   0.90434258] Parameter deviations: [ 0.36265404  0.03424821  0.03247794  0.28323634  0.21293735  0.16021165]
#---Best parameters: [ 9.70073754 -1.48776525  0.52376552  6.48921251 -0.37794679  1.21958144] 60.4703446621
#---After: 4585  moves out of  10000 iterations
#---Starting Gradient Descent from parameters: [ 9.70073754 -1.48776525  0.52376552  6.48921251 -0.37794679  1.21958144]
#---Gradient Descent successful, exited after  38  iterations
#---Final values: [ 9.70073754 -1.48776525  0.52376552  6.48921251 -0.37794679  1.21958144] 60.4703446621
#---GD Best fit: [ 9.70073754 -1.48776525  0.52376552  6.48921251 -0.37794679  1.21958144]
#---function and fit plot saved as fit__noF1_7.7_pltfunc.ps
#---Done with function and data plot
#---Plotting successful
#--Hessian Matrix:
[[   57.13458354   -52.07451563   385.27687521    38.82962232
    -80.90488025    88.37748799]
 [  -52.07451563  3649.36579042 -1209.32469948   106.18617403
    318.14413717  -651.09615887]
 [  385.27687521 -1209.32469948  6568.33058864   503.44947146
   -841.94683568  1300.44249204]
 [   38.82962232   106.18617403   503.44947146   118.10468127
    105.21135021   229.96560612]
 [  -80.90488025   318.14413717  -841.94683568   105.21135021
    604.80524802   261.87348063]
 [   88.37748799  -651.09615887  1300.44249204   229.96560612
    261.87348063  1080.72125072]]
#---Hessian Errors: [ 0.58163567  0.03502528  0.08924814  0.77160777  0.34612826  0.09375615]
$ fit__noF1_7.7
$ [ 9.70073754 -1.48776525  0.52376552  6.48921251 -0.37794679  1.21958144]
$ [ 0.58163567  0.03502528  0.08924814  0.77160777  0.34612826  0.09375615]
#-File ./An_Project/hist_real_noG1_60.0.txt successfully read into data
#---Making subplot: 6 2 1
#---Making subplot: 6 2 2
#---Making subplot: 6 2 3
#---Making subplot: 6 2 4
#---Making subplot: 6 2 5
#---Making subplot: 6 2 6
#---MCMC hist plot saved as fit_noG1_60.0_MCMChist_.ps
#---Succesfully Plotted  fit_noG1_60.0 param plots
#---Mean parameters: [ 1.27371408 -2.00606985  1.52834298  1.74799288  0.07755385  0.59384868] Parameter deviations: [ 0.1362403   0.24282109  0.11860312  0.16922849  0.09558247  0.08214913]
#---Best parameters: [ 1.33667323 -1.65690949  1.53103069  1.72011858  0.13518534  0.51542711] 2.5606557302
#---After: 4304  moves out of  10000 iterations
#---Starting Gradient Descent from parameters: [ 1.33667323 -1.65690949  1.53103069  1.72011858  0.13518534  0.51542711]
#---Gradient Descent successful, exited after  27  iterations
#---Final values: [ 1.33667323 -1.65690949  1.53103069  1.72011858  0.13518534  0.51542711] 2.5606557302
#---GD Best fit: [ 1.33667323 -1.65690949  1.53103069  1.72011858  0.13518534  0.51542711]
#---function and fit plot saved as fit_noG1_60.0_pltfunc.ps
#---Done with function and data plot
#---Plotting successful
#--Hessian Matrix:
[[  5.29478384e+01  -1.23415681e+00   1.05868324e+01   1.34795968e+01
   -7.62629813e+00   2.68041691e+01]
 [ -1.23415681e+00   4.78298317e+00   8.76839437e-01   6.21590182e+00
    4.23558422e-02   1.04491721e+01]
 [  1.05868324e+01   8.76839437e-01   6.67606692e+00   7.28435417e+00
    3.56732854e+00   1.27327025e+01]
 [  1.34795968e+01   6.21590182e+00   7.28435417e+00   2.26682486e+01
    1.63253095e+00   2.34430740e+01]
 [ -7.62629813e+00   4.23558422e-02   3.56732854e+00   1.63253095e+00
    4.04975777e+01   1.85388806e+01]
 [  2.68041691e+01   1.04491721e+01   1.27327025e+01   2.34430740e+01
    1.85388806e+01   6.64852190e+01]]
#---Hessian Errors: [ 0.35064996  1.35098289  0.86358163  0.50661101  0.31904553  0.39806877]
$ fit_noG1_60.0
$ [ 1.33667323 -1.65690949  1.53103069  1.72011858  0.13518534  0.51542711]
$ [ 0.35064996  1.35098289  0.86358163  0.50661101  0.31904553  0.39806877]
#-File ./An_Project/hist_real_noG1_20.0.txt successfully read into data
#---Making subplot: 6 2 1
#---Making subplot: 6 2 2
#---Making subplot: 6 2 3
#---Making subplot: 6 2 4
#---Making subplot: 6 2 5
#---Making subplot: 6 2 6
#---MCMC hist plot saved as fit_noG1_20.0_MCMChist_.ps
#---Succesfully Plotted  fit_noG1_20.0 param plots
#---Mean parameters: [ 5.473041   -1.42595924  1.23764683 -3.09772176  0.25727634  0.26751368] Parameter deviations: [ 0.14637849  0.04950477  0.04111276  0.43627492  0.13948299  0.08975582]
#---Best parameters: [ 5.47540608 -1.44881405  1.22382458 -3.1908219   0.27729616  0.27405971] 18.8249888614
#---After: 4524  moves out of  10000 iterations
#---Starting Gradient Descent from parameters: [ 5.47540608 -1.44881405  1.22382458 -3.1908219   0.27729616  0.27405971]
#---Gradient Descent successful, exited after  34  iterations
#---Final values: [ 5.47540608 -1.44881405  1.22382458 -3.1908219   0.27729616  0.27405971] 18.8249888614
#---GD Best fit: [ 5.47540608 -1.44881405  1.22382458 -3.1908219   0.27729616  0.27405971]
#---function and fit plot saved as fit_noG1_20.0_pltfunc.ps
#---Done with function and data plot
#---Plotting successful
#--Hessian Matrix:
[[ 146.58465968  -13.16999203  222.92581743  -12.33899929   -9.01241675
    84.01148702]
 [ -13.16999203  500.77490847  142.89767702  -38.15552875   13.65027575
   258.51716822]
 [ 222.92581743  142.89767702  969.68386297  -54.34051385   77.14427913
   387.20183131]
 [ -12.33899929  -38.15552875  -54.34051385   13.41670941   -7.828942
   -47.2775438 ]
 [  -9.01241675   13.65027575   77.14427913   -7.828942    267.92451931
   358.67402614]
 [  84.01148702  258.51716822  387.20183131  -47.2775438   358.67402614
   778.32515506]]
#---Hessian Errors: [ 0.16780837  0.09379623  0.06382101  0.50467108  0.20349166  0.14188664]
$ fit_noG1_20.0
$ [ 5.47540608 -1.44881405  1.22382458 -3.1908219   0.27729616  0.27405971]
$ [ 0.16780837  0.09379623  0.06382101  0.50467108  0.20349166  0.14188664]
#-File ./An_Project/hist_real_noG0_7.7.txt successfully read into data
#---Making subplot: 6 2 1
#---Making subplot: 6 2 2
#---Making subplot: 6 2 3
#---Making subplot: 6 2 4
#---Making subplot: 6 2 5
#---Making subplot: 6 2 6
#---MCMC hist plot saved as fit__noG0_7.7_MCMChist_.ps
#---Succesfully Plotted  fit__noG0_7.7 param plots
#---Mean parameters: [ 10.65590006  -1.50929663   0.55495736   6.09596958   0.10874474
   0.86380627] Parameter deviations: [ 0.34531502  0.03382113  0.03169711  0.22913538  0.15276392  0.13306887]
#---Best parameters: [ 9.84208049 -1.52904225  0.48100209  6.24637151 -0.4315746   1.30036193] 59.2789606657
#---After: 4732  moves out of  10000 iterations
#---Starting Gradient Descent from parameters: [ 9.84208049 -1.52904225  0.48100209  6.24637151 -0.4315746   1.30036193]
#---Gradient Descent successful, exited after  40  iterations
#---Final values: [ 9.77578467 -1.52876608  0.48112589  6.23604414 -0.43157902  1.30087955] 59.3801882426
#---GD Best fit: [ 9.77578467 -1.52876608  0.48112589  6.23604414 -0.43157902  1.30087955]
#---function and fit plot saved as fit__noG0_7.7_pltfunc.ps
#---Done with function and data plot
#---Plotting successful
#--Hessian Matrix:
[[   53.31037295   -54.11580786   403.86584262    37.25789951
    -67.72652252    68.25471148]
 [  -54.11580786  4145.34549795 -1173.96191817    87.01159697
    305.80667267  -577.82507814]
 [  403.86584262 -1173.96191817  7060.87218501   543.39726338
   -864.95782308  1166.60324116]
 [   37.25789951    87.01159697   543.39726338   119.46758222
     75.61393569   220.86388948]
 [  -67.72652252   305.80667267  -864.95782308    75.61393569
    549.03648115   142.51667867]
 [   68.25471148  -577.82507814  1166.60324116   220.86388948
    142.51667867  1009.30017124]]
#---Hessian Errors: [ 0.28503453  0.0274284   0.03731306  0.32212188  0.11716043  0.06589445]
$ fit__noG0_7.7
$ [ 9.77578467 -1.52876608  0.48112589  6.23604414 -0.43157902  1.30087955]
$ [ 0.28503453  0.0274284   0.03731306  0.32212188  0.11716043  0.06589445]
#-File ./An_Project/hist_real_noF0_7.7.txt successfully read into data
#---Making subplot: 6 2 1
#---Making subplot: 6 2 2
#---Making subplot: 6 2 3
#---Making subplot: 6 2 4
#---Making subplot: 6 2 5
#---Making subplot: 6 2 6
#---MCMC hist plot saved as fit__noF0_7.7_MCMChist_.ps
#---Succesfully Plotted  fit__noF0_7.7 param plots
#---Mean parameters: [ 9.46417663 -1.49412932  0.47508678  6.88149843 -0.5815935   1.23056212] Parameter deviations: [ 0.28235386  0.03569985  0.04106478  0.34826568  0.07170016  0.05109364]
#---Best parameters: [ 9.45287558 -1.49503393  0.46597269  6.96834332 -0.61286606  1.2208757 ] 54.4605911598
#---After: 4662  moves out of  10000 iterations
#---Starting Gradient Descent from parameters: [ 9.45287558 -1.49503393  0.46597269  6.96834332 -0.61286606  1.2208757 ]
#---Gradient Descent successful, exited after  34  iterations
#---Final values: [ 9.45287558 -1.49503393  0.46597269  6.96834332 -0.61286606  1.2208757 ] 54.4605911598
#---GD Best fit: [ 9.45287558 -1.49503393  0.46597269  6.96834332 -0.61286606  1.2208757 ]
#---function and fit plot saved as fit__noF0_7.7_pltfunc.ps
#---Done with function and data plot
#---Plotting successful
#--Hessian Matrix:
[[   46.49418074   -34.54677165   324.3125173     39.6748358    -74.45646243
     70.67330262]
 [  -34.54677165  3291.82033397 -1174.42367122    68.50726312
    448.41923335  -670.04647686]
 [  324.3125173  -1174.42367122  6206.93081416   541.38283424
   -906.62431514  1297.80414521]
 [   39.6748358     68.50726312   541.38283424   123.27312091
     71.98031542   286.94580065]
 [  -74.45646243   448.41923335  -906.62431514    71.98031542   821.1701467
    105.59789544]
 [   70.67330262  -670.04647686  1297.80414521   286.94580065
    105.59789544  1788.45429219]]
#---Hessian Errors: [ 0.31381738  0.03140799  0.03550894  0.32439684  0.08383651  0.04957054]
$ fit__noF0_7.7
$ [ 9.45287558 -1.49503393  0.46597269  6.96834332 -0.61286606  1.2208757 ]
$ [ 0.31381738  0.03140799  0.03550894  0.32439684  0.08383651  0.04957054]
#-File ./An_Project/hist_real_noF0_80.0.txt successfully read into data
#---Making subplot: 6 2 1
#---Making subplot: 6 2 2
#---Making subplot: 6 2 3
#---Making subplot: 6 2 4
#---Making subplot: 6 2 5
#---Making subplot: 6 2 6
#---MCMC hist plot saved as fit_noF0_80.0_MCMChist_.ps
#---Succesfully Plotted  fit_noF0_80.0 param plots
#---Mean parameters: [ 1.80817496 -1.43979845  1.58384334  2.28909651 -0.13151517  0.69990412] Parameter deviations: [ 0.17090253  0.14409908  0.12137688  0.19013797  0.08644667  0.07779001]
#---Best parameters: [ 1.67853805 -1.61468714  1.74858492  2.33699449 -0.1822756   0.73809456] 5.0187807065
#---After: 4411  moves out of  10000 iterations
#---Starting Gradient Descent from parameters: [ 1.67853805 -1.61468714  1.74858492  2.33699449 -0.1822756   0.73809456]
#---Gradient Descent successful, exited after  30  iterations
#---Final values: [ 1.67853805 -1.61468714  1.74858492  2.33699449 -0.1822756   0.73809456] 5.0187807065
#---GD Best fit: [ 1.67853805 -1.61468714  1.74858492  2.33699449 -0.1822756   0.73809456]
#---function and fit plot saved as fit_noF0_80.0_pltfunc.ps
#---Done with function and data plot
#---Plotting successful
#--Hessian Matrix:
[[  67.61589329   -2.62480102   15.34175438   30.8093179   -13.63279309
    56.80515454]
 [  -2.62480102    7.74410663    1.1431788    10.36906946    6.14854415
    14.05524749]
 [  15.34175438    1.1431788    10.31714242   10.13355888   10.9696411
    20.25502355]
 [  30.8093179    10.36906946   10.13355888   41.06171598    2.45122967
    38.34402065]
 [ -13.63279309    6.14854415   10.9696411     2.45122967   63.63377004
    22.11046504]
 [  56.80515454   14.05524749   20.25502355   38.34402065   22.11046504
   129.61460803]]
#---Hessian Errors: [ 0.60564733  1.40996931  0.75355842  0.59212454  0.28136475  0.292859  ]
$ fit_noF0_80.0
$ [ 1.67853805 -1.61468714  1.74858492  2.33699449 -0.1822756   0.73809456]
$ [ 0.60564733  1.40996931  0.75355842  0.59212454  0.28136475  0.292859  ]
#-File ./An_Project/hist_real_noF1_30.0.txt successfully read into data
#---Making subplot: 6 2 1
#---Making subplot: 6 2 2
#---Making subplot: 6 2 3
#---Making subplot: 6 2 4
#---Making subplot: 6 2 5
#---Making subplot: 6 2 6
#---MCMC hist plot saved as fit_noF1_30.0_MCMChist_.ps
#---Succesfully Plotted  fit_noF1_30.0 param plots
#---Mean parameters: [  4.30038116e+00  -1.07754522e+00   1.19428420e+00   9.89271019e-04
   7.05057342e-01   2.19217402e+00] Parameter deviations: [ 0.12828405  0.05896517  0.04130584  0.40100786  0.11867196  0.15987607]
#---Best parameters: [ 4.29646854 -1.07899395  1.2030689  -0.03394118  0.66547736  2.29467176] 27.6936891087
#---After: 4632  moves out of  10000 iterations
#---Starting Gradient Descent from parameters: [ 4.29646854 -1.07899395  1.2030689  -0.03394118  0.66547736  2.29467176]
#---Gradient Descent successful, exited after  34  iterations
#---Final values: [ 4.29646854 -1.07899395  1.2030689  -0.03394118  0.66547736  2.29467176] 27.6936891087
#---GD Best fit: [ 4.29646854 -1.07899395  1.2030689  -0.03394118  0.66547736  2.29467176]
#---function and fit plot saved as fit_noF1_30.0_pltfunc.ps
#---Done with function and data plot
#---Plotting successful
#--Hessian Matrix:
[[  1.32694934e+02  -3.58058661e+00   1.71304965e+02  -1.25004066e+00
   -4.35222134e-03   5.04027442e-03]
 [ -3.58058661e+00   3.08051102e+02   1.72401160e+02  -1.23232861e+00
    5.89750826e-03  -5.92344040e-03]
 [  1.71304965e+02   1.72401160e+02   5.98413872e+02  -3.30787196e+00
   -2.74658429e-03   1.07577476e-02]
 [ -1.25004066e+00  -1.23232861e+00  -3.30787196e+00   4.89597476e+00
   -7.31853338e-02   4.98415213e-02]
 [ -4.35222134e-03   5.89750826e-03  -2.74658429e-03  -7.31853338e-02
   -9.01228425e-04  -1.55007562e-04]
 [  5.04027442e-03  -5.92344040e-03   1.07577476e-02   4.98415213e-02
   -1.55007562e-04  -7.65004060e-04]]
!!!Hessian error 4 below zero!!!
!!!Hessian error 5 below zero!!!
#---Hessian Errors: [  0.16572931   0.09431013   0.08519058   0.3524669   34.06268468
  42.65050428]
$ fit_noF1_30.0
$ [ 4.29646854 -1.07899395  1.2030689  -0.03394118  0.66547736  2.29467176]
$ [  0.16572931   0.09431013   0.08519058   0.3524669   34.06268468
  42.65050428]
#-File ./An_Project/hist_real_noF1_15.0.txt successfully read into data
#---Making subplot: 6 2 1
#---Making subplot: 6 2 2
#---Making subplot: 6 2 3
#---Making subplot: 6 2 4
#---Making subplot: 6 2 5
#---Making subplot: 6 2 6
#---MCMC hist plot saved as fit_noF1_15.0_MCMChist_.ps
#---Succesfully Plotted  fit_noF1_15.0 param plots
#---Mean parameters: [ 7.17672197 -1.31245108  1.15046616 -0.19657671  0.20744682  0.9480198 ] Parameter deviations: [ 0.13944377  0.03385689  0.03341886  0.72495696  0.19607093  0.14070742]
#---Best parameters: [ 7.20402277 -1.30149974  1.15642536 -0.08797481  0.72829642  0.73128923] 30.1826116742
#---After: 4705  moves out of  10000 iterations
#---Starting Gradient Descent from parameters: [ 7.20402277 -1.30149974  1.15642536 -0.08797481  0.72829642  0.73128923]
#---Gradient Descent successful, exited after  40  iterations
#---Final values: [ 7.16284432 -1.30149969  1.15680036 -0.08798344  0.7282111   0.73147345] 30.2661494472
#---GD Best fit: [ 7.16284432 -1.30149969  1.15680036 -0.08798344  0.7282111   0.73147345]
#---function and fit plot saved as fit_noF1_15.0_pltfunc.ps
#---Done with function and data plot
#---Plotting successful
#--Hessian Matrix:
[[  1.58448164e+02   2.50594490e+00   3.81072056e+02  -9.62190646e-01
   -1.57825202e-02   4.82571250e-02]
 [  2.50594490e+00   1.19395832e+03   3.14066795e+02  -4.71303990e+00
    8.73782025e-03   1.61596506e-01]
 [  3.81072056e+02   3.14066795e+02   2.39855202e+03  -8.36131781e+00
    1.17512429e-01   2.65358563e-01]
 [ -9.62190646e-01  -4.71303990e+00  -8.36131781e+00   2.66124039e+00
   -3.17513521e-01   3.12039744e-02]
 [ -1.57825202e-02   8.73782025e-03   1.17512429e-01  -3.17513521e-01
   -2.07527000e-02  -3.34977397e-02]
 [  4.82571250e-02   1.61596506e-01   2.65358563e-01   3.12039744e-02
   -3.34977397e-02  -2.40967974e-02]]
!!!Hessian error 3 below zero!!!
!!!Hessian error 4 below zero!!!
!!!Hessian error 5 below zero!!!
#---Hessian Errors: [  0.14437006   0.04180084   0.03763576   0.90665061   9.22512074
  14.31890638]
$ fit_noF1_15.0
$ [ 7.16284432 -1.30149969  1.15680036 -0.08798344  0.7282111   0.73147345]
$ [  0.14437006   0.04180084   0.03763576   0.90665061   9.22512074
  14.31890638]
#-File ./An_Project/hist_real_noF1_20.0.txt successfully read into data
#---Making subplot: 6 2 1
#---Making subplot: 6 2 2
#---Making subplot: 6 2 3
#---Making subplot: 6 2 4
#---Making subplot: 6 2 5
#---Making subplot: 6 2 6
#---MCMC hist plot saved as fit_noF1_20.0_MCMChist_.ps
#---Succesfully Plotted  fit_noF1_20.0 param plots
#---Mean parameters: [ 3.73872619 -2.36074435  1.39271887 -5.32818561 -0.79607885  0.85366191] Parameter deviations: [ 0.49189924  0.35540085  0.08764221  0.45004748  0.08451751  0.07082114]
#---Best parameters: [ 3.85115299 -2.28072964  1.35499405 -5.39409526 -0.7544239   0.8366605 ] 14.4926940075
#---After: 4475  moves out of  10000 iterations
#---Starting Gradient Descent from parameters: [ 3.85115299 -2.28072964  1.35499405 -5.39409526 -0.7544239   0.8366605 ]
#---Gradient Descent successful, exited after  41  iterations
#---Final values: [ 3.81890569 -2.27898899  1.35706788 -5.30308236 -0.75449837  0.83755955] 14.7181571372
#---GD Best fit: [ 3.81890569 -2.27898899  1.35706788 -5.30308236 -0.75449837  0.83755955]
#---function and fit plot saved as fit_noF1_20.0_pltfunc.ps
#---Done with function and data plot
#---Plotting successful
#--Hessian Matrix:
[[   89.59641492   -20.11494563    56.04836376   -44.1326604    -72.28815652
    178.19879716]
 [  -20.11494563    83.80548466     3.8976622    -49.92821998
     40.48757813    97.36105577]
 [   56.04836376     3.8976622    111.70031834   -63.98110767
    105.57206603   220.41655525]
 [  -44.1326604    -49.92821998   -63.98110767    77.59928      -30.56791378
   -164.22654951]
 [  -72.28815652    40.48757813   105.57206603   -30.56791378
    543.62501625   210.12785654]
 [  178.19879716    97.36105577   220.41655525  -164.22654951
    210.12785654  1132.08255391]]
!!!Hessian error 0 below zero!!!
!!!Hessian error 1 below zero!!!
!!!Hessian error 3 below zero!!!
!!!Hessian error 5 below zero!!!
#---Hessian Errors: [ 0.42644137  0.51240703  0.22674618  0.58284108  0.09274914  0.05455846]
$ fit_noF1_20.0
$ [ 3.81890569 -2.27898899  1.35706788 -5.30308236 -0.75449837  0.83755955]
$ [ 0.42644137  0.51240703  0.22674618  0.58284108  0.09274914  0.05455846]
#-File ./An_Project/hist_real_noF1_80.0.txt successfully read into data
#---Making subplot: 6 2 1
#---Making subplot: 6 2 2
#---Making subplot: 6 2 3
#---Making subplot: 6 2 4
#---Making subplot: 6 2 5
#---Making subplot: 6 2 6
#---MCMC hist plot saved as fit_noF1_80.0_MCMChist_.ps
#---Succesfully Plotted  fit_noF1_80.0 param plots
#---Mean parameters: [ 1.98051186 -0.56640292  0.96979993  0.01696074  0.03070218  1.18710586] Parameter deviations: [ 0.12975108  0.06386387  0.07900705  0.37449169  0.14638993  0.09845495]
#---Best parameters: [ 1.99598911 -0.57927711  0.98840837  0.06341652 -0.26717762  1.27717136] 4.10821255726
#---After: 4534  moves out of  10000 iterations
#---Starting Gradient Descent from parameters: [ 1.99598911 -0.57927711  0.98840837  0.06341652 -0.26717762  1.27717136]
#---Gradient Descent successful, exited after  27  iterations
#---Final values: [ 1.99598911 -0.57927711  0.98840837  0.06341652 -0.26717762  1.27717136] 4.10821255726
#---GD Best fit: [ 1.99598911 -0.57927711  0.98840837  0.06341652 -0.26717762  1.27717136]
#---function and fit plot saved as fit_noF1_80.0_pltfunc.ps
#---Done with function and data plot
#---Plotting successful
#--Hessian Matrix:
[[  6.08033009e+01  -1.21547244e+00   3.86332138e+01   2.19594380e+00
   -7.24489746e-03   2.76268032e-02]
 [ -1.21547244e+00   3.92844803e+01   1.65294991e+01   3.19388428e-01
    3.37343251e-02  -4.30860614e-03]
 [  3.86332138e+01   1.65294991e+01   5.68223185e+01   1.85659583e+00
    5.08455389e-03   5.50196890e-02]
 [  2.19594380e+00   3.19388428e-01   1.85659583e+00   1.41499417e-01
    8.69510389e-02  -3.39541750e-02]
 [ -7.24489746e-03   3.37343251e-02   5.08455389e-03   8.69510389e-02
   -9.08946918e-04   5.67931835e-03]
 [  2.76268032e-02  -4.30860614e-03   5.50196890e-02  -3.39541750e-02
    5.67931835e-03  -1.26417412e-02]]
!!!Hessian error 3 below zero!!!
!!!Hessian error 4 below zero!!!
!!!Hessian error 5 below zero!!!
#---Hessian Errors: [  0.25598444   0.25839      0.28445148   0.81814729   7.99331397
  15.77877979]
$ fit_noF1_80.0
$ [ 1.99598911 -0.57927711  0.98840837  0.06341652 -0.26717762  1.27717136]
$ [  0.25598444   0.25839      0.28445148   0.81814729   7.99331397
  15.77877979]
#-File ./An_Project/hist_real_noG1_25.0.txt successfully read into data
#---Making subplot: 6 2 1
#---Making subplot: 6 2 2
#---Making subplot: 6 2 3
#---Making subplot: 6 2 4
#---Making subplot: 6 2 5
#---Making subplot: 6 2 6
#---MCMC hist plot saved as fit_noG1_25.0_MCMChist_.ps
#---Succesfully Plotted  fit_noG1_25.0 param plots
#---Mean parameters: [ 3.71319742 -2.00130587  1.33955818  3.59858613 -0.40608045  0.74893092] Parameter deviations: [ 0.24281009  0.17893129  0.12733594  0.35631729  0.14673599  0.09221453]
#---Best parameters: [ 3.89305352 -1.84885873  1.32771696  3.46422316 -0.2941517   0.65497152] 11.8451256987
#---After: 4617  moves out of  10000 iterations
#---Starting Gradient Descent from parameters: [ 3.89305352 -1.84885873  1.32771696  3.46422316 -0.2941517   0.65497152]
#---Gradient Descent successful, exited after  34  iterations
#---Final values: [ 3.89305352 -1.84885873  1.32771696  3.46422316 -0.2941517   0.65497152] 11.8451256987
#---GD Best fit: [ 3.89305352 -1.84885873  1.32771696  3.46422316 -0.2941517   0.65497152]
#---function and fit plot saved as fit_noG1_25.0_pltfunc.ps
#---Done with function and data plot
#---Plotting successful
#--Hessian Matrix:
[[ 115.25141011  -16.10387482   94.95714419   32.96247782  -29.66598427
    97.94673529]
 [ -16.10387482  142.09176227   14.30714989   48.47422045   19.90928537
   110.14941998]
 [  94.95714419   14.30714989  223.1889418    60.47530496   77.65040512
   172.90841518]
 [  32.96247782   48.47422045   60.47530496   41.33779715   12.74954407
    63.5364815 ]
 [ -29.66598427   19.90928537   77.65040512   12.74954407  169.14384841
   136.26724294]
 [  97.94673529  110.14941998  172.90841518   63.5364815   136.26724294
   408.39828429]]
#---Hessian Errors: [ 0.78614588  0.68825602  0.19082797  1.12143876  0.43116482  0.37374505]
$ fit_noG1_25.0
$ [ 3.89305352 -1.84885873  1.32771696  3.46422316 -0.2941517   0.65497152]
$ [ 0.78614588  0.68825602  0.19082797  1.12143876  0.43116482  0.37374505]
#-File ./An_Project/hist_real_noF0_25.0.txt successfully read into data
#---Making subplot: 6 2 1
#---Making subplot: 6 2 2
#---Making subplot: 6 2 3
#---Making subplot: 6 2 4
#---Making subplot: 6 2 5
#---Making subplot: 6 2 6
#---MCMC hist plot saved as fit_noF0_25.0_MCMChist_.ps
#---Succesfully Plotted  fit_noF0_25.0 param plots
#---Mean parameters: [ 4.34426207 -1.73796612  1.5417054   4.61583186 -0.4704161   0.71356969] Parameter deviations: [ 0.24278985  0.17038554  0.07544092  0.32380168  0.05742124  0.06997997]
#---Best parameters: [ 4.03354719 -1.95341172  1.65567353  4.87879097 -0.52776124  0.7701356 ] 15.7460081743
#---After: 4614  moves out of  10000 iterations
#---Starting Gradient Descent from parameters: [ 4.03354719 -1.95341172  1.65567353  4.87879097 -0.52776124  0.7701356 ]
#---Gradient Descent successful, exited after  34  iterations
#---Final values: [ 4.03354719 -1.95341172  1.65567353  4.87879097 -0.52776124  0.7701356 ] 15.7460081743
#---GD Best fit: [ 4.03354719 -1.95341172  1.65567353  4.87879097 -0.52776124  0.7701356 ]
#---function and fit plot saved as fit_noF0_25.0_pltfunc.ps
#---Done with function and data plot
#---Plotting successful
#--Hessian Matrix:
[[ 122.43670288  -11.43969698   76.60635438   50.56337259  -42.24124469
   197.60871943]
 [ -11.43969698   93.59607858   31.40995012   45.47821282   67.65923532
   137.59222566]
 [  76.60635438   31.40995012  138.20091976   49.09575979  122.26027458
   229.70522407]
 [  50.56337259   45.47821282   49.09575979   61.28082406   20.33860499
   128.56453213]
 [ -42.24124469   67.65923532  122.26027458   20.33860499  414.27637997
   155.69968632]
 [ 197.60871943  137.59222566  229.70522407  128.56453213  155.69968632
   848.17736041]]
#---Hessian Errors: [ 0.58854196  0.51467461  0.26116582  0.58015142  0.13399916  0.13578266]
$ fit_noF0_25.0
$ [ 4.03354719 -1.95341172  1.65567353  4.87879097 -0.52776124  0.7701356 ]
$ [ 0.58854196  0.51467461  0.26116582  0.58015142  0.13399916  0.13578266]
#-File ./An_Project/hist_real_noG0_25.0.txt successfully read into data
#---Making subplot: 6 2 1
#---Making subplot: 6 2 2
#---Making subplot: 6 2 3
#---Making subplot: 6 2 4
#---Making subplot: 6 2 5
#---Making subplot: 6 2 6
#---MCMC hist plot saved as fit_noG0_25.0_MCMChist_.ps
#---Succesfully Plotted  fit_noG0_25.0 param plots
#---Mean parameters: [ 4.71621    -1.530564    1.46221211  3.61633633 -0.11953154  0.55810874] Parameter deviations: [ 0.23492072  0.11420799  0.06764324  0.27060412  0.11024743  0.10004875]
#---Best parameters: [ 4.83139342 -1.49533885  1.42806498  3.60420381 -0.01840355  0.48298854] 16.892523782
#---After: 4602  moves out of  10000 iterations
#---Starting Gradient Descent from parameters: [ 4.83139342 -1.49533885  1.42806498  3.60420381 -0.01840355  0.48298854]
#---Gradient Descent successful, exited after  33  iterations
#---Final values: [ 4.83139342 -1.49533885  1.42806498  3.60420381 -0.01840355  0.48298854] 16.892523782
#---GD Best fit: [ 4.83139342 -1.49533885  1.42806498  3.60420381 -0.01840355  0.48298854]
#---function and fit plot saved as fit_noG0_25.0_pltfunc.ps
#---Done with function and data plot
#---Plotting successful
#--Hessian Matrix:
[[ 149.13366775  -15.76664576  160.06258968   28.14038388  -16.49400755
   119.48273714]
 [ -15.76664576  272.57775939   52.53003017   46.70180739   39.50204829
   188.04846376]
 [ 160.06258968   52.53003017  458.71818676   51.88069766  104.45409405
   247.68554023]
 [  28.14038388   46.70180739   51.88069766   24.87173131    8.61947384
    52.65384712]
 [ -16.49400755   39.50204829  104.45409405    8.61947384  202.60741638
   183.39527582]
 [ 119.48273714  188.04846376  247.68554023   52.65384712  183.39527582
   476.05388227]]
#---Hessian Errors: [ 0.28169111  0.17986556  0.10155061  0.47300361  0.19621679  0.16629713]
$ fit_noG0_25.0
$ [ 4.83139342 -1.49533885  1.42806498  3.60420381 -0.01840355  0.48298854]
$ [ 0.28169111  0.17986556  0.10155061  0.47300361  0.19621679  0.16629713]
#-File ./An_Project/hist_real_noG1_80.0.txt successfully read into data
#---Making subplot: 6 2 1
#---Making subplot: 6 2 2
#---Making subplot: 6 2 3
#---Making subplot: 6 2 4
#---Making subplot: 6 2 5
#---Making subplot: 6 2 6
#---MCMC hist plot saved as fit_noG1_80.0_MCMChist_.ps
#---Succesfully Plotted  fit_noG1_80.0 param plots
#---Mean parameters: [ 0.79958732 -1.97224271  1.47170273  0.88255628  0.11615425  1.02964414] Parameter deviations: [ 0.131808    0.21606182  0.11532809  0.14176077  0.13183806  0.1889412 ]
#---Best parameters: [ 0.91775828 -1.81351709  1.51330493  0.93879086  0.23665231  0.56346192] 1.15466195162
#---After: 4190  moves out of  10000 iterations
#---Starting Gradient Descent from parameters: [ 0.91775828 -1.81351709  1.51330493  0.93879086  0.23665231  0.56346192]
#---Gradient Descent successful, exited after  29  iterations
#---Final values: [ 0.91457144 -1.81363948  1.51067993  0.93512257  0.23666298  0.56383846] 1.15462402629
#---GD Best fit: [ 0.91457144 -1.81363948  1.51067993  0.93512257  0.23666298  0.56383846]
#---function and fit plot saved as fit_noG1_80.0_pltfunc.ps
#---Done with function and data plot
#---Plotting successful
#--Hessian Matrix:
[[ 32.71259755  -0.11421538   4.06038984   6.93299235  -2.56407145
    6.45781364]
 [ -0.11421538   1.18082554   0.22789729   2.4989349   -0.32379675
    1.84523501]
 [  4.06038984   0.22789729   1.61320275   3.24582958   0.24924666
    2.27014723]
 [  6.93299235   2.4989349    3.24582958  11.57663824  -0.91612148
    4.97986156]
 [ -2.56407145  -0.32379675   0.24924666  -0.91612148   4.42209468
    2.16358339]
 [  6.45781364   1.84523501   2.27014723   4.97986156   2.16358339
    5.69068229]]
!!!Hessian error 1 below zero!!!
!!!Hessian error 5 below zero!!!
#---Hessian Errors: [ 0.30937849  1.40447532  1.48940795  0.75483525  0.72498141  0.72052431]
$ fit_noG1_80.0
$ [ 0.91457144 -1.81363948  1.51067993  0.93512257  0.23666298  0.56383846]
$ [ 0.30937849  1.40447532  1.48940795  0.75483525  0.72498141  0.72052431]
#-File ./An_Project/hist_real_noF0_15.0.txt successfully read into data
#---Making subplot: 6 2 1
#---Making subplot: 6 2 2
#---Making subplot: 6 2 3
#---Making subplot: 6 2 4
#---Making subplot: 6 2 5
#---Making subplot: 6 2 6
#---MCMC hist plot saved as fit_noF0_15.0_MCMChist_.ps
#---Succesfully Plotted  fit_noF0_15.0 param plots
#---Mean parameters: [ 7.72184659 -1.24832803  1.23191898 -0.19179919  0.64452776  1.42273901] Parameter deviations: [ 0.1408375   0.03539835  0.03086937  0.6298255   0.21186595  0.26025916]
#---Best parameters: [ 7.73997406 -1.23686894  1.2348801   0.04343167  0.35993693  1.69649885] 39.321547633
#---After: 4663  moves out of  10000 iterations
#---Starting Gradient Descent from parameters: [ 7.73997406 -1.23686894  1.2348801   0.04343167  0.35993693  1.69649885]
#---Gradient Descent successful, exited after  31  iterations
#---Final values: [ 7.73997406 -1.23686894  1.2348801   0.04343167  0.35993693  1.69649885] 39.321547633
#---GD Best fit: [ 7.73997406 -1.23686894  1.2348801   0.04343167  0.35993693  1.69649885]
#---function and fit plot saved as fit_noF0_15.0_pltfunc.ps
#---Done with function and data plot
#---Plotting successful
#--Hessian Matrix:
[[  1.75273052e+02   3.48243420e+00   4.28682900e+02   1.03721547e+00
   -5.08053208e-03   8.84966109e-03]
 [  3.48243420e+00   1.34366629e+03   3.23311689e+02   2.49437631e+00
    1.75129937e-02  -9.49628820e-03]
 [  4.28682900e+02   3.23311689e+02   2.59949950e+03   5.10504421e+00
    9.59961000e-03   3.59118797e-02]
 [  1.03721547e+00   2.49437631e+00   5.10504421e+00   1.46896095e+00
    3.20214527e-02  -5.14250313e-03]
 [ -5.08053208e-03   1.75129937e-02   9.59961000e-03   3.20214527e-02
   -5.42014433e-04  -4.73853845e-04]
 [  8.84966109e-03  -9.49628820e-03   3.59118797e-02  -5.14250313e-03
   -4.73853845e-04  -1.59429980e-03]]
!!!Hessian error 4 below zero!!!
!!!Hessian error 5 below zero!!!
#---Hessian Errors: [  1.39503095e-01   3.95623598e-02   3.68138481e-02   6.84296270e-01
   4.14186343e+01   3.63948695e+01]
$ fit_noF0_15.0
$ [ 7.73997406 -1.23686894  1.2348801   0.04343167  0.35993693  1.69649885]
$ [  1.39503095e-01   3.95623598e-02   3.68138481e-02   6.84296270e-01
   4.14186343e+01   3.63948695e+01]
#-File ./An_Project/hist_real_noG1_10.0.txt successfully read into data
#---Making subplot: 6 2 1
#---Making subplot: 6 2 2
#---Making subplot: 6 2 3
#---Making subplot: 6 2 4
#---Making subplot: 6 2 5
#---Making subplot: 6 2 6
#---MCMC hist plot saved as fit_noG1_10.0_MCMChist_.ps
#---Succesfully Plotted  fit_noG1_10.0 param plots
#---Mean parameters: [ 9.1462933  -1.50233987  0.76824048  4.94038199  0.31679466  0.50014884] Parameter deviations: [ 0.16480972  0.03152313  0.03136415  0.35048045  0.0538911   0.06522989]
#---Best parameters: [ 9.16916166 -1.48303034  0.77612665  5.06632957  0.35246532  0.43871531] 43.7747096696
#---After: 4602  moves out of  10000 iterations
#---Starting Gradient Descent from parameters: [ 9.16916166 -1.48303034  0.77612665  5.06632957  0.35246532  0.43871531]
#---Gradient Descent successful, exited after  40  iterations
#---Final values: [ 9.12963324 -1.48296103  0.77626011  5.0618814   0.35246239  0.43877092] 43.8352058347
#---GD Best fit: [ 9.12963324 -1.48296103  0.77626011  5.0618814   0.35246239  0.43877092]
#---function and fit plot saved as fit_noG1_10.0_pltfunc.ps
#---Done with function and data plot
#---Plotting successful
#--Hessian Matrix:
[[  111.99661531   -31.41302451   500.81361016     9.08286681
    -45.48486115    81.06099815]
 [  -31.41302451  2974.07510863  -314.08418248   100.07961734
   -362.99088576   681.50227582]
 [  500.81361016  -314.08418248  4925.36801693   201.06248169
   -473.05948599  1108.56244833]
 [    9.08286681   100.07961734   201.06248169    42.28207101
     48.90227153   163.53656936]
 [  -45.48486115  -362.99088576  -473.05948599    48.90227153   936.8918869
    344.51639831]
 [   81.06099815   681.50227582  1108.56244833   163.53656936
    344.51639831  1178.27261996]]
#---Hessian Errors: [ 0.19230671  0.03801591  0.04187055  0.34289935  0.07125195  0.07970331]
$ fit_noG1_10.0
$ [ 9.12963324 -1.48296103  0.77626011  5.0618814   0.35246239  0.43877092]
$ [ 0.19230671  0.03801591  0.04187055  0.34289935  0.07125195  0.07970331]
#-File ./An_Project/hist_real_noF1_40.0.txt successfully read into data
#---Making subplot: 6 2 1
#---Making subplot: 6 2 2
#---Making subplot: 6 2 3
#---Making subplot: 6 2 4
#---Making subplot: 6 2 5
#---Making subplot: 6 2 6
#---MCMC hist plot saved as fit_noF1_40.0_MCMChist_.ps
#---Succesfully Plotted  fit_noF1_40.0 param plots
#---Mean parameters: [ 2.348497   -1.59699331  1.5888181   3.16659734 -0.42306252  0.6241348 ] Parameter deviations: [ 0.15565952  0.1275205   0.10822142  0.19035335  0.06857551  0.05014161]
#---Best parameters: [ 2.19724407 -2.02718923  1.62807997  3.39912639 -0.4172626   0.63825617] 6.12628232616
#---After: 4377  moves out of  10000 iterations
#---Starting Gradient Descent from parameters: [ 2.19724407 -2.02718923  1.62807997  3.39912639 -0.4172626   0.63825617]
#---Gradient Descent successful, exited after  32  iterations
#---Final values: [ 2.19724407 -2.02718923  1.62807997  3.39912639 -0.4172626   0.63825617] 6.12628232616
#---GD Best fit: [ 2.19724407 -2.02718923  1.62807997  3.39912639 -0.4172626   0.63825617]
#---function and fit plot saved as fit_noF1_40.0_pltfunc.ps
#---Done with function and data plot
#---Plotting successful
#--Hessian Matrix:
[[  80.04707562   -3.37269579   23.18397117   29.69345272  -26.1808369
   102.34758311]
 [  -3.37269579   16.53173393    4.88615211   17.21265229    9.60533649
    46.99324955]
 [  23.18397117    4.88615211   23.74872645   18.43486146   27.9209992
    61.91592255]
 [  29.69345272   17.21265229   18.43486146   49.56715424    8.81277611
    79.63291851]
 [ -26.1808369     9.60533649   27.9209992     8.81277611  214.83786127
    48.60979108]
 [ 102.34758311   46.99324955   61.91592255   79.63291851   48.60979108
   452.98965086]]
#---Hessian Errors: [ 0.34228826  0.73568178  0.46745514  0.37298478  0.1263922   0.12837995]
$ fit_noF1_40.0
$ [ 2.19724407 -2.02718923  1.62807997  3.39912639 -0.4172626   0.63825617]
$ [ 0.34228826  0.73568178  0.46745514  0.37298478  0.1263922   0.12837995]
#-File ./An_Project/hist_real_noF0_30.0.txt successfully read into data
#---Making subplot: 6 2 1
#---Making subplot: 6 2 2
#---Making subplot: 6 2 3
#---Making subplot: 6 2 4
#---Making subplot: 6 2 5
#---Making subplot: 6 2 6
#---MCMC hist plot saved as fit_noF0_30.0_MCMChist_.ps
#---Succesfully Plotted  fit_noF0_30.0 param plots
#---Mean parameters: [ 3.62541288 -1.92549938  1.72113277  4.46848338 -0.39156716  0.70137732] Parameter deviations: [ 0.18816603  0.1223289   0.09715111  0.23061921  0.04874194  0.05462374]
#---Best parameters: [ 3.79517361 -1.73302551  1.66289751  4.36667949 -0.35663227  0.6527321 ] 12.2891215693
#---After: 4459  moves out of  10000 iterations
#---Starting Gradient Descent from parameters: [ 3.79517361 -1.73302551  1.66289751  4.36667949 -0.35663227  0.6527321 ]
#---Gradient Descent successful, exited after  37  iterations
#---Final values: [ 3.77459927 -1.73201318  1.66569602  4.33140095 -0.35663809  0.65342868] 12.3153923393
#---GD Best fit: [ 3.77459927 -1.73201318  1.66569602  4.33140095 -0.35663809  0.65342868]
#---function and fit plot saved as fit_noF0_30.0_pltfunc.ps
#---Done with function and data plot
#---Plotting successful
#--Hessian Matrix:
[[ 126.82603838   -9.48876147   76.5008984    42.89999455  -29.25020263
   174.52214385]
 [  -9.48876147   89.22062747   20.10047819   36.21279002   50.20556027
   125.66291773]
 [  76.5008984    20.10047819  133.9715369    35.84341519   90.75081447
   173.73822119]
 [  42.89999455   36.21279002   35.84341519   47.41140238   12.80679492
    95.45826613]
 [ -29.25020263   50.20556027   90.75081447   12.80679492  321.96386686
   102.04657841]
 [ 174.52214385  125.66291773  173.73822119   95.45826613  102.04657841
   675.33981485]]
#---Hessian Errors: [ 0.33553851  0.33281032  0.20165423  0.40740904  0.10897077  0.11211456]
$ fit_noF0_30.0
$ [ 3.77459927 -1.73201318  1.66569602  4.33140095 -0.35663809  0.65342868]
$ [ 0.33553851  0.33281032  0.20165423  0.40740904  0.10897077  0.11211456]
#-File ./An_Project/hist_real_noF1_10.0.txt successfully read into data
#---Making subplot: 6 2 1
#---Making subplot: 6 2 2
#---Making subplot: 6 2 3
#---Making subplot: 6 2 4
#---Making subplot: 6 2 5
#---Making subplot: 6 2 6
#---MCMC hist plot saved as fit_noF1_10.0_MCMChist_.ps
#---Succesfully Plotted  fit_noF1_10.0 param plots
#---Mean parameters: [ 6.91332393 -1.49141974  0.49580099  6.85930279 -1.0870721   1.2376747 ] Parameter deviations: [ 0.36382064  0.03910213  0.0496481   0.35481466  0.04429264  0.05025023]
#---Best parameters: [ 6.70293726 -1.50699505  0.47878401  7.085258   -1.10072014  1.20969515] 21.890576178
#---After: 4564  moves out of  10000 iterations
#---Starting Gradient Descent from parameters: [ 6.70293726 -1.50699505  0.47878401  7.085258   -1.10072014  1.20969515]
#---Gradient Descent successful, exited after  40  iterations
#---Final values: [ 6.6669592  -1.5067684   0.47896612  7.04127951 -1.10073991  1.2104237 ] 22.0377466803
#---GD Best fit: [ 6.6669592  -1.5067684   0.47896612  7.04127951 -1.10073991  1.2104237 ]
#---function and fit plot saved as fit_noF1_10.0_pltfunc.ps
#---Done with function and data plot
#---Plotting successful
#--Hessian Matrix:
